34	1893.3	1056.3	1
35	1893.3	1020	1
36	1901.3	1016	1
37	1903.4	991.76	1
38	1903.4	967.56	1
39	1903.4	967.56	1
40	1911.4	951.42	1
41	1913.4	947.39	1
42	1913.4	947.39	1
43	1917.5	943.36	1
44	1917.5	943.36	1
45	1925.5	939.32	1
46	1927.6	939.32	1
47	1929.6	937.31	1
48	1929.6	937.31	1
49	1933.6	937.31	1
50	1933.6	937.31	1
51	1933.6	937.31	1
52	1945.7	935.29	1
53	1945.7	935.29	1
54	1949.7	961.51	1
55	1949.7	971.59	1
56	1959.8	1003.9	1
57	1961.8	1060.3	1
58	1961.8	1064.4	1
59	1965.9	1072.4	1
60	1971.9	1074.4	1
61	1982	1076.5	1
62	1982	1076.5	1
63	1986	1082.5	1
64	1986	1082.5	1
65	2008.2	1082.5	1
66	2026.4	1100.7	1
67	2056.6	1098.7	1
68	2060.7	1098.7	1
69	2060.7	1098.7	1
70	2060.7	1100.7	1
71	2068.7	1100.7	1
72	2068.7	1100.7	1
73	2084.9	1100.7	1
74	2105	1088.6	1
75	2111.1	1080.5	1
76	2119.2	1044.2	1
77	2131.3	1022	1
78	2143.4	1005.9	1
79	2175.6	993.78	1
80	2191.8	981.68	1
81	2191.8	981.68	1
82	2197.8	977.64	1
83	2209.9	977.64	1
84	2242.2	959.49	1
85	2282.5	937.31	1
86	2306.7	923.19	1
87	2318.8	915.12	1
88	2353.1	878.82	1
89	2383.4	856.63	1
90	2413.6	850.58	1
91	2458	828.4	1
92	2449.9	828.4	1
93	2449.9	828.4	1
94	2445.9	828.4	1
95	2445.9	828.4	1
96	2447.9	826.38	1
97	2458	824.37	1
98	2458	824.37	1
99	2458	824.37	1
100	2480.2	820.33	1
101	2480.2	820.33	1
102	2484.2	824.37	1
103	2484.2	824.37	1
104	2498.3	822.35	1
105	2520.5	816.3	1
106	2520.5	816.3	1
107	2520.5	816.3	1
108	2520.5	816.3	1
109	2524.5	814.28	1
110	2524.5	812.26	1
111	2532.6	812.26	1
112	2538.7	782.01	1
113	2538.7	782.01	1
114	2542.7	771.93	1
115	2542.7	771.93	1
116	2544.7	765.88	1
117	2546.7	761.84	1
118	2546.7	761.84	1
119	2550.8	759.83	1
120	2544.7	753.78	1
121	2544.7	739.66	1
122	2544.7	735.63	1
123	2544.7	721.51	1
124	2544.7	721.51	1
125	2548.7	705.37	1
126	2548.7	705.37	1
127	2548.7	705.37	1
128	2548.7	701.34	1
129	2548.7	699.32	1
130	2550.8	697.31	1
131	2554.8	693.27	1
132	2554.8	693.27	1
133	2560.8	697.31	1
134	2564.9	693.27	1
135	2564.9	693.27	1
136	2572.9	675.12	1
137	2572.9	675.12	1
138	2572.9	675.12	1
139	2572.9	675.12	1
140	2575	665.04	1
141	2577	663.02	1
142	2577	663.02	1
143	2579	658.99	1
144	2583	654.95	1
145	2587.1	650.92	1
146	2593.1	642.85	1
147	2597.1	634.79	1
148	2597.1	636.8	1
149	2631.4	642.85	1
150	2631.4	642.85	1
151	2631.4	642.85	1
152	2631.4	636.8	1
153	2631.4	636.8	1
154	2631.4	636.8	1
155	2635.5	638.82	1
156	2639.5	646.89	1
157	2643.5	650.92	1
158	2649.6	654.95	1
159	2653.6	663.02	1
322	1865	1276.1	1
323	1871.1	1294.3	1
324	1881.2	1320.5	1
325	1887.2	1342.7	1
326	1885.2	1370.9	1
327	1879.2	1377	1
328	1877.1	1397.1	1
329	1877.1	1397.1	1
330	1871.1	1413.3	1
331	1871.1	1417.3	1
332	1871.1	1429.4	1
333	1871.1	1437.5	1
334	1871.1	1441.5	1
335	1871.1	1447.6	1
336	1867.1	1461.7	1
337	1863	1471.8	1
338	1863	1477.8	1
339	1859	1489.9	1
340	1859	1496	1
341	1859	1496	1
342	1859	1502	1
343	1861	1512.1	1
344	1863	1522.2	1
345	1865	1530.2	1
346	1867.1	1532.3	1
347	1867.1	1538.3	1
348	1871.1	1544.4	1
349	1871.1	1550.4	1
350	1871.1	1556.5	1
351	1875.1	1562.5	1
352	1879.2	1566.6	1
353	1879.2	1574.6	1
354	1879.2	1582.7	1
355	1879.2	1586.7	1
356	1871.1	1600.8	1
357	1871.1	1617	1
358	1875.1	1623	1
359	1879.2	1629.1	1
360	1883.2	1637.1	1
361	1885.2	1645.2	1
362	1885.2	1653.3	1
363	1887.2	1659.3	1
364	1893.3	1667.4	1
365	1907.4	1695.6	1
366	1919.5	1703.7	1
367	1913.4	1705.7	1
368	1919.5	1709.7	1
369	1919.5	1709.7	1
370	1921.5	1723.9	1
371	1935.6	1731.9	1
372	1943.7	1731.9	1
373	1957.8	1742	1
374	1969.9	1756.1	1
375	1976	1754.1	1
376	1992.1	1764.2	1
377	1988.1	1790.4	1
378	1986	1804.5	1
379	1986	1804.5	1
380	1986	1810.6	1
381	1986	1818.7	1
382	1986	1818.7	1
383	1986	1818.7	1
384	1988.1	1816.6	1
385	1996.1	1816.6	1
386	2008.2	1812.6	1
387	2022.3	1808.6	1
388	2028.4	1808.6	1
389	2042.5	1818.7	1
390	2054.6	1828.7	1
391	2060.7	1830.8	1
392	2064.7	1830.8	1
393	2072.8	1836.8	1
394	2092.9	1836.8	1
395	2097	1836.8	1
396	2103	1836.8	1
397	2107.1	1838.8	1
398	2119.2	1838.8	1
399	2119.2	1838.8	1
400	2125.2	1844.9	1
401	2127.2	1850.9	1
402	2137.3	1850.9	1
403	2141.3	1855	1
602	1994.1	1137	1
603	2046.6	1153.1	1
604	2050.6	1167.2	1
605	2064.7	1179.3	1
606	2092.9	1189.4	1
607	2097	1193.4	1
608	2111.1	1201.5	1
609	2137.3	1191.4	1
610	2147.4	1177.3	1
611	2147.4	1177.3	1
612	2157.5	1177.3	1
613	2157.5	1175.3	1
614	2157.5	1175.3	1
615	2159.5	1175.3	1
616	2163.5	1173.3	1
617	2163.5	1173.3	1
618	2169.6	1171.3	1
619	2171.6	1171.3	1
620	2173.6	1169.2	1
621	2183.7	1175.3	1
622	2183.7	1175.3	1
623	2187.7	1175.3	1
624	2199.8	1173.3	1
625	2199.8	1173.3	1
626	2218	1181.3	1
627	2218	1181.3	1
628	2222	1187.4	1
629	2222	1187.4	1
630	2222	1187.4	1
631	2230.1	1191.4	1
632	2230.1	1191.4	1
633	2234.1	1197.5	1
634	2234.1	1197.5	1
635	2234.1	1203.5	1
636	2234.1	1203.5	1
637	2228.1	1207.6	1
638	2220	1223.7	1
639	2222	1249.9	1
640	2226	1274.1	1
641	2228.1	1276.1	1
642	2228.1	1288.2	1
643	2228.1	1296.3	1
644	2228.1	1300.3	1
645	2228.1	1300.3	1
646	2226	1320.5	1
647	2224	1338.7	1
648	2220	1356.8	1
649	2228.1	1350.8	1
650	2228.1	1348.7	1
651	2232.1	1354.8	1
652	2232.1	1362.9	1
653	2234.1	1362.9	1
654	2236.1	1377	1
655	2238.1	1383	1
656	2232.1	1397.1	1
657	2220	1407.2	1
658	2218	1423.4	1
659	2218	1427.4	1
660	2211.9	1439.5	1
661	2209.9	1455.6	1
662	2201.8	1471.8	1
663	2201.8	1473.8	1
664	2197.8	1451.6	1
665	2197.8	1451.6	1
666	2197.8	1451.6	1
667	2195.8	1453.6	1
668	2195.8	1453.6	1
669	2195.8	1457.6	1
670	2195.8	1457.6	1
671	2191.8	1467.7	1
672	2189.7	1469.7	1
673	2189.7	1479.8	1
674	2187.7	1489.9	1
675	2187.7	1498	1
676	2179.7	1516.1	1
677	2173.6	1526.2	1
678	2173.6	1526.2	1
679	2173.6	1526.2	1
680	2173.6	1530.2	1
681	2173.6	1532.3	1
682	2171.6	1542.3	1
683	2165.5	1556.5	1
684	2165.5	1556.5	1
685	2165.5	1556.5	1
686	2163.5	1568.6	1
687	2161.5	1576.6	1
688	2157.5	1582.7	1
689	2157.5	1598.8	1
690	2153.4	1617	1
691	2149.4	1627.1	1
692	2143.4	1639.2	1
693	2139.3	1649.2	1
694	2137.3	1657.3	1
695	2133.3	1667.4	1
696	2123.2	1687.6	1
697	2123.2	1691.6	1
698	2111.1	1697.6	1
699	2111.1	1719.8	1
700	2111.1	1723.9	1
701	2111.1	1742	1
702	2107.1	1756.1	1
703	2101	1776.3	1
704	2097	1792.4	1
705	2097	1798.5	1
706	2090.9	1808.6	1
707	2086.9	1814.6	1
708	2082.9	1824.7	1
709	2080.8	1836.8	1
710	2078.8	1838.8	1
711	2078.8	1838.8	1
712	2078.8	1838.8	1
713	2078.8	1838.8	1
714	2078.8	1838.8	1
715	2078.8	1838.8	1
716	2066.7	1838.8	1
717	2058.7	1844.9	1
718	2052.6	1844.9	1
719	2040.5	1848.9	1
720	2032.4	1857	1
721	2026.4	1861	1
722	2026.4	1863	1
723	2026.4	1863	1
724	2026.4	1863	1
725	2026.4	1863	1
726	2026.4	1863	1
727	2026.4	1863	1
728	2026.4	1863	1
729	2026.4	1863	1
730	2026.4	1863	1
731	2026.4	1863	1
732	2024.4	1871.1	1
733	2024.4	1879.2	1
734	2024.4	1899.3	1
735	2024.4	1899.3	1
736	2024.4	1899.3	1
737	2024.4	1899.3	1
738	2024.4	1899.3	1
739	2024.4	1899.3	1
740	2024.4	1899.3	1
741	2024.4	1901.3	1
742	2024.4	1901.3	1
743	2024.4	1911.4	1
744	2022.3	1913.4	1
745	2022.3	1913.4	1
746	2022.3	1913.4	1
747	2022.3	1913.4	1
748	2022.3	1913.4	1
749	2022.3	1915.5	1
750	2022.3	1919.5	1
792	1818.7	1066.4	1
793	1776.3	1011.9	1
794	1740	929.24	1
795	1736	905.04	1
796	1729.9	896.97	1
797	1695.6	903.02	1
798	1675.5	886.89	1
799	1673.4	886.89	1
800	1663.4	884.87	1
801	1663.4	880.84	1
802	1661.3	872.77	1
803	1661.3	872.77	1
804	1659.3	860.67	1
805	1647.2	856.63	1
806	1647.2	856.63	1
807	1641.2	856.63	1
808	1641.2	856.63	1
809	1641.2	856.63	1
810	1641.2	856.63	1
811	1637.1	852.6	1
812	1637.1	852.6	1
813	1637.1	852.6	1
814	1631.1	850.58	1
815	1631.1	850.58	1
816	1629.1	850.58	1
817	1629.1	848.57	1
818	1629.1	846.55	1
819	1633.1	846.55	1
820	1639.2	844.53	1
821	1643.2	836.47	1
822	1643.2	834.45	1
823	1643.2	834.45	1
824	1645.2	834.45	1
825	1645.2	834.45	1
826	1645.2	834.45	1
827	1645.2	828.4	1
828	1645.2	826.38	1
829	1645.2	826.38	1
830	1645.2	818.32	1
831	1645.2	818.32	1
832	1645.2	818.32	1
833	1645.2	818.32	1
834	1645.2	818.32	1
835	1645.2	818.32	1
836	1645.2	818.32	1
837	1645.2	810.25	1
838	1645.2	810.25	1
839	1645.2	810.25	1
840	1639.2	810.25	1
841	1639.2	810.25	1
842	1639.2	810.25	1
843	1637.1	810.25	1
844	1637.1	810.25	1
845	1637.1	810.25	1
846	1637.1	810.25	1
847	1637.1	810.25	1
848	1635.1	810.25	1
849	1635.1	810.25	1
850	1635.1	810.25	1
851	1635.1	810.25	1
852	1635.1	810.25	1
853	1635.1	810.25	1
854	1635.1	810.25	1
855	1635.1	810.25	1
856	1631.1	810.25	1
857	1631.1	812.26	1
858	1629.1	814.28	1
859	1629.1	814.28	1
860	1627.1	814.28	1
861	1627.1	814.28	1
862	1625	816.3	1
863	1621	816.3	1
864	1619	816.3	1
865	1619	816.3	1
866	1615	816.3	1
867	1608.9	822.35	1
868	1606.9	824.37	1
869	1600.8	826.38	1
870	1582.7	840.5	1
871	1556.5	862.68	1
872	1552.4	864.7	1
873	1544.4	868.74	1
874	1534.3	874.79	1
875	1522.2	880.84	1
876	1512.1	882.85	1
877	1502	884.87	1
878	1493.9	888.9	1
879	1487.9	890.92	1
880	1475.8	892.94	1
881	1457.6	903.02	1
882	1443.5	911.09	1
883	1437.5	915.12	1
884	1425.4	921.17	1
885	1417.3	925.21	1
886	1405.2	931.26	1
887	1403.2	931.26	1
888	1370.9	931.26	1
889	1370.9	931.26	1
890	1364.9	931.26	1
891	1352.8	931.26	1
892	1350.8	931.26	1
893	1350.8	931.26	1
894	1350.8	931.26	1
895	1350.8	931.26	1
896	1350.8	931.26	1
897	1350.8	931.26	1
898	1350.8	931.26	1
899	1346.7	933.27	1
900	1340.7	941.34	1
901	1336.6	941.34	1
902	1326.6	945.37	1
903	1326.6	945.37	1
904	1326.6	943.36	1
905	1326.6	939.32	1
906	1326.6	939.32	1
907	1326.6	939.32	1
908	1326.6	939.32	1
909	1318.5	941.34	1
910	1316.5	941.34	1
911	1306.4	951.42	1
912	1306.4	951.42	1
913	1298.3	953.44	1
914	1292.3	955.46	1
915	1292.3	957.47	1
916	1292.3	957.47	1
917	1278.1	955.46	1
918	1249.9	983.69	1
919	1247.9	983.69	1
920	1247.9	983.69	1
921	1247.9	983.69	1
922	1233.8	985.71	1
923	1227.7	1001.8	1
924	1225.7	1001.8	1
925	1217.6	1013.9	1
926	1209.6	1030.1	1
927	1207.6	1030.1	1
928	1193.4	1038.1	1
929	1193.4	1038.1	1
930	1179.3	1050.2	1
931	1183.4	1058.3	1
932	1183.4	1062.3	1
933	1177.3	1064.4	1
934	1161.2	1066.4	1
935	1155.1	1070.4	1
936	1147.1	1080.5	1
937	1147.1	1080.5	1
938	1147.1	1080.5	1
939	1139	1090.6	1
940	1139	1090.6	1
941	1139	1090.6	1
942	1137	1092.6	1
943	1137	1092.6	1
944	1122.9	1098.7	1
945	1116.8	1098.7	1
946	1112.8	1100.7	1
947	1106.7	1104.7	1
948	1106.7	1104.7	1
949	1104.7	1106.7	1
950	1100.7	1106.7	1
951	1098.7	1106.7	1
952	1090.6	1106.7	1
953	1084.5	1106.7	1
954	1074.4	1104.7	1
955	1070.4	1102.7	1
956	1060.3	1096.6	1
957	1054.3	1094.6	1
958	1048.2	1090.6	1
959	1046.2	1088.6	1
960	1038.1	1086.6	1
961	1034.1	1084.5	1
962	1026	1082.5	1
963	1018	1078.5	1
964	991.76	1062.3	1
