1	1643.5	786.5	1
2	1633.5	708.5	1
3	1587.5	634.5	1
4	1579.5	614.5	1
5	1549.5	558.5	1
6	1543.5	514.5	1
7	1529.5	518.5	1
8	1523.5	498.5	1
9	1507.5	476.5	1
10	1507.5	476.5	1
11	1519.5	468.5	1
12	1533.5	444.5	1
13	1521.5	436.5	1
14	1529.5	430.5	1
15	1537.5	426.5	1
16	1543.5	422.5	1
17	1559.5	416.5	1
18	1541.5	414.5	1
102	1765.5	1102.5	1
103	1663.5	1068.5	1
104	1623.5	1062.5	1
105	1595.5	1026.5	1
106	1565.5	1010.5	1
107	1541.5	998.5	1
108	1525.5	988.5	1
109	1507.5	960.5	1
110	1479.5	936.5	1
111	1473.5	926.5	1
112	1445.5	896.5	1
113	1407.5	854.5	1
114	1391.5	838.5	1
115	1387.5	820.5	1
116	1375.5	798.5	1
117	1365.5	798.5	1
118	1343.5	776.5	1
119	1339.5	772.5	1
120	1331.5	760.5	1
121	1327.5	746.5	1
122	1323.5	728.5	1
123	1317.5	718.5	1
124	1311.5	698.5	1
125	1307.5	690.5	1
126	1289.5	676.5	1
127	1281.5	662.5	1
128	1269.5	646.5	1
129	1255.5	634.5	1
130	1253.5	632.5	1
131	1251.5	628.5	1
132	1245.5	622.5	1
133	1231.5	622.5	1
134	1225.5	618.5	1
135	1225.5	616.5	1
136	1215.5	620.5	1
137	1209.5	630.5	1
138	1201.5	638.5	1
139	1199.5	646.5	1
229	2052.6	1215.6	1
230	2064.7	1205.5	1
231	2064.7	1205.5	1
232	2084.9	1201.5	1
233	2109.1	1205.5	1
234	2135.3	1195.5	1
235	2157.5	1219.7	1
236	2153.4	1187.4	1
237	2173.6	1189.4	1
238	2179.7	1189.4	1
239	2189.7	1179.3	1
240	2236.1	1175.3	1
241	2262.3	1171.3	1
242	2272.4	1173.3	1
243	2290.6	1193.4	1
244	2312.8	1195.5	1
245	2320.8	1193.4	1
246	2326.9	1195.5	1
247	2335	1197.5	1
248	2347.1	1205.5	1
249	2359.2	1209.6	1
250	2371.3	1217.6	1
251	2381.3	1225.7	1
252	2385.4	1231.8	1
253	2397.5	1239.8	1
254	2407.6	1243.9	1
255	2419.7	1247.9	1
256	2431.8	1260	1
257	2435.8	1264	1
258	2443.9	1264	1
259	2456	1262	1
260	2460	1262	1
261	2464	1262	1
262	2498.3	1276.1	1
263	2514.4	1282.2	1
264	2524.5	1290.2	1
265	2526.6	1294.3	1
266	2534.6	1304.4	1
267	2540.7	1306.4	1
268	2556.8	1312.4	1
269	2562.9	1314.4	1
270	2575	1326.6	1
271	2575	1332.6	1
272	2585	1340.7	1
273	2591.1	1334.6	1
274	2601.2	1334.6	1
275	2609.2	1340.7	1
276	2625.4	1348.7	1
277	2647.6	1348.7	1
278	2667.7	1350.8	1
279	2683.9	1364.9	1
280	2689.9	1364.9	1
281	2718.1	1385	1
282	2718.1	1385	1
283	2736.3	1389.1	1
284	2746.4	1397.1	1
285	2756.5	1403.2	1
286	2758.5	1399.2	1
287	2762.5	1399.2	1
288	2774.6	1397.1	1
289	2782.7	1397.1	1
290	2788.7	1403.2	1
291	2798.8	1407.2	1
292	2806.9	1411.3	1
293	2819	1411.3	1
294	2827.1	1413.3	1
295	2829.1	1415.3	1
296	2831.1	1415.3	1
297	2833.1	1413.3	1
298	2835.1	1413.3	1
299	2839.2	1409.2	1
300	2839.2	1405.2	1
301	2839.2	1393.1	1
302	2839.2	1387.1	1
303	2843.2	1383	1
304	2845.2	1372.9	1
305	2847.2	1368.9	1
306	2851.3	1364.9	1
368	1943.7	1215.6	1
369	1917.5	1229.7	1
370	1917.5	1229.7	1
371	1917.5	1229.7	1
372	1923.5	1229.7	1
373	1923.5	1229.7	1
374	1925.5	1229.7	1
375	1927.6	1231.8	1
376	1927.6	1231.8	1
377	1933.6	1233.8	1
378	1935.6	1233.8	1
379	1935.6	1239.8	1
380	1935.6	1239.8	1
381	1935.6	1239.8	1
382	1935.6	1239.8	1
383	1935.6	1239.8	1
384	1939.7	1239.8	1
385	1943.7	1239.8	1
386	1943.7	1239.8	1
387	1953.8	1235.8	1
388	1957.8	1225.7	1
389	1971.9	1219.7	1
390	1976	1217.6	1
391	1984	1211.6	1
392	1998.1	1209.6	1
393	2010.2	1197.5	1
394	2010.2	1197.5	1
395	2058.7	1177.3	1
396	2070.8	1151.1	1
397	2076.8	1147.1	1
398	2076.8	1147.1	1
399	2076.8	1147.1	1
400	2095	1141	1
401	2095	1141	1
402	2105	1118.8	1
403	2117.1	1116.8	1
404	2121.2	1114.8	1
405	2121.2	1114.8	1
406	2121.2	1114.8	1
407	2121.2	1100.7	1
408	2121.2	1092.6	1
409	2133.3	1086.6	1
410	2137.3	1080.5	1
411	2149.4	1074.4	1
412	2155.5	1070.4	1
413	2169.6	1062.3	1
414	2175.6	1060.3	1
415	2181.7	1054.3	1
416	2195.8	1044.2	1
417	2197.8	1044.2	1
418	2199.8	1038.1	1
419	2201.8	1034.1	1
420	2203.9	1028.1	1
421	2209.9	1016	1
422	2218	1003.9	1
423	2218	1001.8	1
424	2220	989.74	1
425	2224	975.63	1
426	2224	975.63	1
427	2244.2	945.37	1
428	2246.2	927.22	1
429	2246.2	927.22	1
430	2248.2	925.21	1
431	2248.2	925.21	1
432	2252.3	921.17	1
433	2256.3	909.07	1
434	2256.3	907.05	1
435	2264.4	896.97	1
436	2264.4	896.97	1
437	2274.4	880.84	1
438	2278.5	870.75	1
439	2278.5	868.74	1
440	2278.5	868.74	1
441	2284.5	854.62	1
442	2294.6	848.57	1
443	2294.6	848.57	1
444	2296.6	846.55	1
445	2304.7	834.45	1
446	2304.7	834.45	1
447	2308.7	822.35	1
448	2314.8	812.26	1
449	2314.8	812.26	1
450	2320.8	806.21	1
451	2320.8	804.2	1
452	2322.9	800.16	1
453	2322.9	780	1
454	2328.9	769.91	1
455	2343	743.69	1
456	2357.1	737.64	1
457	2365.2	727.56	1
458	2377.3	721.51	1
459	2383.4	711.42	1
460	2387.4	705.37	1
461	2387.4	705.37	1
462	2397.5	693.27	1
463	2399.5	691.26	1
464	2393.4	691.26	1
465	2393.4	691.26	1
466	2397.5	675.12	1
467	2407.6	652.94	1
468	2407.6	634.79	1
469	2403.5	616.63	1
470	2401.5	614.62	1
471	2401.5	614.62	1
472	2411.6	604.53	1
473	2415.6	596.47	1
474	2431.8	584.37	1
475	2411.6	576.3	1
476	2417.6	570.25	1
477	2417.6	568.23	1
478	2429.7	564.2	1
479	2429.7	564.2	1
480	2429.7	564.2	1
481	2429.7	554.11	1
482	2425.7	554.11	1
483	2425.7	552.1	1
484	2415.6	548.06	1
485	2415.6	548.06	1
486	2413.6	544.03	1
487	2419.7	535.96	1
488	2433.8	535.96	1
489	2439.8	535.96	1
490	2445.9	533.95	1
491	2453.9	529.91	1
492	2458	521.84	1
493	2460	519.83	1
494	2464	513.78	1
495	2478.1	501.68	1
496	2478.1	497.64	1
497	2474.1	491.59	1
498	2480.2	477.47	1
499	2482.2	467.39	1
500	2484.2	463.36	1
501	2484.2	461.34	1
502	2484.2	461.34	1
503	2480.2	451.26	1
504	2480.2	447.22	1
505	2480.2	439.16	1
506	2480.2	433.11	1
507	2480.2	429.07	1
